Distance matrix (first row lists all UserID's; first entry on each row is also UserID),,,,,,,,,,,,,,,,,,,,,,,,,,,,,,,,,,,,,,,,,,,,,,,,,,,,,,,,,,,,,,,,,,,,,,,,,,,,,,,,,,,,,,,,,,,,,,,,,,,,,,,,,,,,,,,,,,,,,,,,,,,,,,,,,,,,,,,,,,,,,,,,,,,,,,,,,,,,,,,,,,,,,,,,,,,,,,,,,,,,,,,,,,,,,,,,,,,,,,,,,,,,,,,,,,,,,,,,,,,,,,,,,,,,,,,,,
UserID,71,90,94,142,163,164,196,201,213,216,280,304,336,464,466,520,554,568,607,653,664,671,683,760,864,918,940,985,1039,1071,1073,1076,1116,1136,1138,1175,1231,1304,1310,1327,1337,1363,1388,1407,1412,1430,1467,1468,1508,1538,1540,1560,1626,1631,1758,1767,1788,1808,1824,1848,1907,1918,1926,1973,1989,2002,2048,2056,2091,2139,2176,2192,2265,2354,2384,2442,2451,2619,2670,2680,2698,2713,2717,2736,3040,3052,3091,3118,3120,3214,3218,3234,3241,3242,3268,3348,3359,3408,3431,3436,3451,3507,3509,3518,3606,3643,3647,3648,3719,3764,3801,3828,3839,3862,3897,4027,4100,4120,4150,4300,4322,4356,4357,4398,4484,4525,4531,4535,4570,4603,4655,4661,4669,4703,4758,4794,4839,4859,4936,4966,5023,5068,5143,5223,5227,5259,5261,5264,5308,5408,5415,5474,5492,5500,5501,5520,5545,5630,5639,5655,5665,5669,5706,5757,5895,5939,5950,5958,6007,6048,6078,6322,6331,6405,6432,6451,6454,6540,6658,6796,6819,6846,6856,6857,6891,6898,6966,6967,6972,6983,6993,7020,7028,7068,7071,7108,7120,7158,7270,7289,7304,7320,7328,7346,7352,7372,7396,7512,7514,7549,7567,7573,7578,7591,7599,7629,7649,8143,8172,8177,8179,8195,8201,8206,8232,8236,8255,8271,8300,8358,8360,8507,8545
71,0,503,0,2110,1524,0,1683,0,313,1410,1421,818,0,1824,550,0,629,2511,0,1089,677,1524,1814,2071,1660,1727,0,1967,431,2032,764,1890,0,4747,1823,1989,1246,0,753,1039,200,1364,1521,1752,0,2068,532,650,1791,778,1882,1437,630,0,548,2322,1418,581,1975,630,1376,552,0,1787,1823,156,2104,219,1210,574,1890,297,1890,1958,2118,1410,1737,2107,1219,2040,1715,1941,2301,2267,2192,727,552,1361,2097,2051,1513,723,2035,2209,3924,2237,1297,1365,436,1952,1244,581,1934,2191,2443,1660,1264,2077,2256,1941,2229,188,1932,1302,1456,527,83,438,2276,2258,1361,1605,1264,2349,2059,641,1410,518,155,1502,2323,1983,2013,723,2016,711,2267,1996,2105,2430,1885,2090,1854,1524,2019,1440,2338,1998,1513,576,1996,2323,2002,1987,2350,680,1675,1849,2323,1884,640,1350,2323,945,2039,2332,2243,2180,650,2428,2243,1890,0,2337,2350,1042,2058,1975,1285,669,2005,1304,2004,1511,279,2037,1992,578,1687,2279,1470,1125,1746,1761,2472,2050,2234,993,2308,1494,1589,1346,2155,2418,2392,1764,2037,1936,1985,1699,1090,626,390,2364,1675,1799,1238,761,2067,1805,0,0,1257,2323,1660,342,2511,1926,0,2084,1890,1996,0
90,503,0,0,1765,1129,1646,1327,0,190,980,1065,339,503,1468,47,1175,151,2155,453,1433,202,1129,1459,1653,1304,1371,503,1611,340,1859,286,1534,339,4392,1467,1633,890,1058,342,609,575,1000,1091,1322,515,1713,156,171,1435,368,1526,1081,152,503,46,1966,1035,107,1619,152,993,50,503,1357,1467,567,1829,578,780,96,1534,373,1534,1602,1762,980,1381,1751,789,1952,1359,1585,1945,1887,1836,297,50,931,1667,1672,1083,244,1679,1854,3568,1856,867,1009,531,1596,814,103,1578,1835,2087,1304,834,1721,1900,1585,1873,530,1576,872,1080,49,443,66,1920,1902,931,1175,834,1919,1629,163,980,887,567,1147,1943,1627,1840,244,1660,1079,1887,1640,1749,2074,1529,1734,1498,1129,1663,1084,1982,1993,1083,101,1640,1943,1646,1631,1920,205,1245,1493,1943,1454,161,994,1943,476,1796,1976,1862,1824,171,1998,1862,1534,503,1906,1920,612,1777,1619,920,194,1649,873,1648,1155,590,1681,1940,99,1331,1923,1085,695,1390,1405,2042,1675,1878,556,1952,1118,1159,963,1799,2062,1962,1408,1681,1505,1597,1343,660,148,180,2008,1245,1443,808,414,1913,1374,503,503,901,1943,1304,355,2155,1496,503,1728,1534,1640,1559
94,0,0,0,0,1311,1829,1510,269,0,1163,0,522,338,1651,255,1358,333,2338,583,1352,381,1311,1641,1836,1487,1554,338,1794,364,2041,469,1717,522,4574,1650,1816,1073,1240,472,792,411,1183,1274,1505,351,1895,236,354,1618,498,1709,1264,335,338,253,2149,1218,286,1802,334,1176,257,338,1540,1650,447,2012,413,963,279,1717,348,1717,1785,1945,1163,1564,1934,972,2135,1542,1768,2128,2070,2019,480,257,1114,1850,1855,1266,427,1862,2036,3751,2039,1050,1192,366,1779,0,286,1761,2018,2270,1487,1017,1904,2083,1768,2056,449,1759,1055,1263,232,278,142,2103,2085,1114,1358,1017,2102,1811,346,1163,722,448,1329,2126,1810,2023,427,1843,915,2070,1823,1932,2257,1712,1917,1681,1311,1846,1267,2165,2176,1266,281,1823,2126,1829,1814,2103,384,1427,1676,2126,1637,344,1177,2126,659,1979,2159,2045,2007,354,2181,2045,1717,338,2089,2103,795,1960,1802,1103,373,1832,0,1831,1338,577,1864,2123,282,1514,2106,1268,878,1573,1588,2225,1858,2061,713,2135,1301,1342,1146,1982,2245,2145,1591,1864,1688,1780,1526,843,330,95,2191,1427,1626,0,544,2096,1557,338,338,1084,2126,1487,226,2338,1679,338,1911,1717,1823,1742
142,2110,1765,0,0,1619,0,1211,0,1930,1903,1185,1824,0,783,1812,0,1742,2263,0,2143,1966,1619,874,2144,1202,1134,0,154,1690,135,1709,1643,0,3227,883,2062,1010,0,1897,1632,2194,1459,1848,2202,0,1821,1920,1594,1865,1862,1955,1201,1743,0,1810,2084,1555,1871,714,1743,1513,1814,2110,2237,883,1976,217,2238,1697,1687,1643,1830,1643,2021,2061,1903,871,677,1771,322,1179,1694,2062,2186,1711,1468,1814,1729,2228,2124,1840,1681,1787,1962,2404,2156,1520,1129,2258,409,1467,1694,1687,612,2205,1202,1487,44,2008,1694,1990,1986,2005,1525,1551,1716,2131,1806,2038,1748,1738,2055,1487,2519,2149,1754,1903,2513,1975,1267,2242,2056,116,1681,1768,2491,2186,694,2060,2191,1004,31,1928,1619,1771,1251,2100,415,1840,1865,125,2242,1971,414,2767,1969,1803,881,2242,2334,1752,1423,2242,1695,72,2085,2162,601,1594,2598,2162,1643,2110,2506,2767,1635,53,714,1422,1920,2078,1796,2077,1584,1855,652,310,1690,1236,2041,1607,1718,1127,847,2633,2123,2027,1676,2069,1589,2182,1483,501,1908,2562,943,652,2386,2058,1195,1683,1739,1920,2117,1803,1872,1461,1822,283,2255,2110,0,1394,2242,1202,1828,2263,2376,2110,278,1643,125,0
163,1524,1129,1311,1619,0,1501,830,1190,1294,357,587,1102,1524,1160,1176,498,1105,1417,1225,2253,1303,0,1150,908,807,875,1524,1465,1094,1713,987,784,1102,3757,1159,827,629,398,1104,540,1667,160,291,645,1619,1181,1284,958,629,1069,720,474,1107,1524,1174,1160,322,1235,1295,1106,249,1178,1524,681,1159,1427,1683,1670,599,1051,784,1234,784,796,955,357,1073,1364,340,1802,863,965,1139,1105,1304,832,1178,202,991,889,284,1009,1147,1283,3072,1075,422,748,1635,1451,369,1058,911,1510,1281,807,389,1575,1259,965,1066,1390,769,427,131,1080,1535,1170,1114,1378,198,498,389,1242,914,1118,357,1991,1428,668,1161,821,1694,1009,1128,2183,1105,1315,943,1268,1036,1588,692,0,1131,424,1176,1723,283,1229,1495,1161,840,1486,1243,1306,465,1128,1161,778,1116,279,1161,902,1650,1301,1081,1500,958,1322,1081,784,1524,1230,1243,533,1631,1295,240,1232,843,256,841,440,1450,1357,1790,1054,835,1117,196,450,893,1096,1366,888,1072,871,1145,31,716,186,1654,1524,1286,1100,1357,829,823,846,469,1102,1284,1282,465,637,363,1186,1715,698,1524,1524,530,1161,807,1232,1417,820,1524,1583,784,1495,1414
164,0,1646,1829,0,1501,0,1290,1708,1812,1784,0,1706,2002,862,1693,1936,1623,2156,1743,2222,1848,1501,952,2025,1280,1212,2002,36,1571,213,1591,1535,1706,3305,961,1944,892,1260,1778,1513,2145,1341,1729,2083,2124,1714,1802,1475,1746,1743,1836,1083,1625,2002,1692,1977,1436,1752,792,1624,1395,1696,2002,2119,961,1905,295,2147,1578,1568,1535,1711,1535,1913,1954,1784,949,755,1652,400,1257,1587,1955,2079,1789,1350,1696,1610,2109,2006,1722,1562,1680,1855,2482,2049,1401,1011,2139,290,0,1575,1580,690,2098,1280,1368,75,1901,1587,1883,1868,1886,1406,1432,1598,2012,1687,1931,1826,1620,1936,1368,2400,2031,1635,1784,2494,1905,1148,2135,1938,194,1562,1661,2569,2079,772,1953,2084,1083,88,1809,1501,1664,1133,1993,493,1721,1747,6,2135,1864,325,2648,1850,1684,959,2135,2216,1634,1305,2135,1577,150,1978,2055,679,1475,2480,2055,1535,2002,2388,2648,1516,131,792,1304,1802,1959,0,1958,1466,1928,730,388,1572,1314,1934,1488,1599,1205,925,2515,2005,1920,1557,1962,1470,2063,1364,493,1986,2443,1022,730,2267,1940,1273,1564,1620,1801,2010,1684,1754,0,1704,361,2136,2002,2002,1275,2135,1280,1709,2156,2258,2002,356,1535,6,87
196,1683,1327,1510,1211,830,1290,0,1389,1492,1017,337,1386,1683,504,1374,1086,1304,1052,1423,2411,1528,830,421,951,282,350,1683,1293,1252,1077,1271,432,1386,3065,411,882,457,433,1459,1021,1825,670,976,1106,1804,610,1482,1156,685,1424,774,374,1305,1683,1372,873,938,1433,513,1305,843,1376,1683,1268,411,1586,995,1828,1080,1249,432,1392,432,811,850,1017,417,535,1091,1071,33,483,851,975,637,1030,1376,940,1035,931,968,1243,576,751,2242,945,903,537,1820,1107,850,1256,476,713,994,282,870,1215,797,483,779,1548,800,908,762,1278,1693,1368,827,675,949,1086,870,1338,968,1316,1017,2175,1586,418,1031,876,1096,1243,557,2367,975,533,849,981,223,1202,747,830,561,425,889,992,968,1427,1295,1031,760,1049,1574,1531,752,346,1031,1366,1314,634,1031,1257,1140,874,951,703,1156,1417,951,432,1683,1326,1574,1091,1159,513,718,1482,897,1007,896,795,1608,575,1059,1252,310,830,827,1174,368,440,1440,943,816,1238,858,799,1467,780,971,835,1381,344,575,1417,878,17,1106,1301,1482,906,752,692,845,1384,983,1286,1683,1683,851,1031,282,1390,1052,1408,1683,1116,432,1295,1241
201,0,0,269,0,1190,1708,1389,0,252,1042,0,299,565,1530,15,1237,212,2217,515,1495,140,1190,1520,1715,1366,1433,565,1673,402,1920,336,1596,299,4453,1529,1695,952,1119,302,671,637,1062,1153,1384,577,1774,94,233,1497,328,1588,1143,214,565,38,2028,1097,45,1681,213,1055,13,565,1419,1529,629,1891,640,842,158,1596,435,1596,1664,1824,1042,1443,1813,851,2014,1421,1647,2007,1949,1898,359,13,993,1729,1734,1145,306,1741,1915,3630,1918,929,1071,593,1658,0,165,1640,1897,2149,1366,896,1783,1962,1647,1935,591,1638,934,1142,111,504,128,1982,1964,993,1237,896,1981,1690,225,1042,949,629,1208,2005,1689,1902,306,1722,1141,1949,1702,1811,2136,1591,1796,1560,1190,1725,1146,2044,2055,1145,39,1702,2005,1708,1693,1982,143,1306,1555,2005,1516,223,1056,2005,495,1858,2038,1924,1886,233,2060,1924,1596,565,1968,1982,674,1839,1681,982,132,1711,0,1710,1217,651,1743,2002,161,1393,1985,1147,757,1452,1467,2104,1737,1940,543,2014,1180,1221,1025,1861,2124,2024,1470,1743,1567,1659,1405,722,209,242,2070,1306,1505,0,476,1975,1436,565,565,963,2005,1366,417,2217,1558,565,1790,1596,1702,1621
213,313,190,0,1930,1294,1812,1492,252,0,1145,1231,505,313,1634,237,1340,316,2320,565,1326,364,1294,1624,1818,1469,1537,313,1776,339,2024,452,1700,505,4557,1633,1799,1056,1223,455,775,385,1165,1256,1488,326,1878,219,337,1601,481,1691,1247,318,313,236,2132,1200,269,1785,317,1159,240,313,1523,1633,422,1994,388,946,261,1700,323,1700,1768,1927,1145,1547,1916,955,2118,1525,1751,2110,2052,2002,462,240,1097,1833,1838,1249,410,1844,2019,3734,2022,1032,1175,341,1762,980,268,1744,2000,2253,1469,999,1886,2065,1751,2038,424,1741,1037,1246,214,253,125,2086,2067,1096,1340,999,2085,1794,328,1145,697,422,1312,2108,1793,2005,410,1825,889,2052,1805,1915,2240,1695,1899,1664,1294,1829,1250,2148,2159,1248,263,1806,2108,1812,1797,2086,367,1410,1659,2108,1620,327,1160,2108,642,1961,2142,2028,1990,337,2164,2028,1700,313,2072,2086,777,1942,1785,1086,356,1815,1039,1813,1321,552,1847,2106,265,1497,2089,1251,860,1555,1570,2208,1840,2044,696,2117,1283,1325,1128,1965,2228,2128,1573,1847,1671,1763,1509,826,313,77,2174,1410,1609,974,527,2078,1540,313,313,1066,2108,1469,201,2320,1662,313,1894,1700,1806,1725
216,1410,980,1163,1903,357,1784,1017,1042,1145,0,871,938,1410,1444,1027,195,957,1293,1076,2180,1138,357,1434,673,1072,1139,1410,1749,1087,1997,822,660,938,3454,1427,665,913,682,939,438,1530,444,163,343,1471,1057,1135,809,505,904,595,758,958,1410,1025,1036,371,1086,1529,958,423,1029,1410,378,1427,1313,1967,1533,609,902,660,1119,660,672,831,0,1357,1551,271,2086,1050,841,1014,907,1180,684,1029,241,688,693,156,844,1023,1159,2914,877,661,1032,1486,1735,608,909,787,1730,1157,1072,628,1859,1135,841,942,1276,645,666,353,932,1398,1021,990,1254,165,195,628,940,649,969,0,1842,1313,952,963,659,1978,844,1004,2034,907,1550,819,1144,1239,1872,568,357,1007,708,1052,2007,155,1081,1779,963,716,1770,941,1141,265,1363,963,475,968,563,963,737,1934,1176,883,1719,809,1019,883,660,1410,927,941,368,1915,1529,524,1067,680,186,679,724,1336,1591,2074,905,1099,993,329,286,1158,1380,1063,695,904,706,1021,387,495,470,1938,1400,983,1360,1591,526,618,1033,368,954,1135,1158,265,513,603,1038,1999,395,1410,1410,794,963,1072,1117,1293,517,1410,1867,660,1779,1698
280,1421,1065,0,1185,587,0,337,0,1231,871,0,1125,0,574,1112,0,1042,1165,0,2149,1267,587,564,1043,314,381,0,1031,990,1222,1010,544,0,3402,573,961,195,0,1197,778,1564,427,815,1170,0,723,1221,894,763,1162,854,113,1044,0,1111,985,695,1171,725,1043,600,1115,1421,1205,573,1324,1140,1566,837,987,544,1130,544,923,962,871,486,856,848,1216,370,596,964,1088,846,769,1115,697,1126,1023,808,981,689,864,2578,1058,660,200,1558,1017,607,994,589,940,1107,314,627,1141,910,596,892,1287,904,665,518,1017,1431,1106,940,912,706,1022,627,1418,1048,1054,871,1913,1324,82,1144,955,1241,981,670,2106,1088,745,962,1093,543,1154,826,587,673,163,1001,1137,807,1166,1061,1144,873,1052,1666,1269,770,599,1144,1302,1053,391,1144,996,1216,987,1064,930,894,1497,1064,544,1421,1405,1666,847,1197,725,475,1221,977,763,976,552,1347,787,1204,991,341,943,584,930,400,510,1532,1022,929,976,971,556,1224,537,1116,1072,1461,513,787,1353,957,353,863,1039,1220,1019,770,771,601,1123,1129,1222,1421,0,608,1144,314,1128,1165,1344,1421,1149,544,1061,0
304,818,339,522,1824,1102,1706,1386,299,505,938,1125,0,818,1528,314,1133,378,2215,569,1672,280,1102,1518,1611,1364,1431,818,1671,580,1918,136,1585,0,4392,1527,1602,950,1117,262,669,890,1059,1065,1280,829,1772,355,245,1431,288,1521,1141,380,818,337,1961,1095,255,1679,379,1053,312,818,1315,1527,806,1888,892,840,323,1585,612,1585,1597,1757,938,1441,1811,778,2012,1419,1645,1940,1845,1896,370,312,920,1625,1630,1057,191,1739,1913,3628,1814,927,1069,845,1656,874,330,1638,1895,2083,1364,893,1781,1959,1645,1868,769,1571,932,1092,309,757,381,1916,1961,905,1133,893,1877,1586,390,938,1201,806,1206,1901,1596,1900,191,1719,1393,1845,1699,1745,2069,1589,1794,1494,1102,1723,1144,1977,2053,1057,260,1700,1901,1641,1691,1878,282,1202,1553,1901,1412,389,1054,1901,360,1855,2036,1820,1884,245,1956,1820,1585,818,1864,1878,672,1837,1679,980,208,1618,863,1616,1215,829,1741,2000,327,1391,1919,1068,653,1450,1464,2000,1633,1842,439,1947,1133,1117,1023,1859,2122,1920,1468,1741,1463,1555,1403,720,375,495,2068,1202,1438,868,531,1973,1332,818,818,961,1901,1364,610,2215,1454,818,1788,1585,1700,1619
336,0,503,338,0,1524,2002,1683,565,313,1410,0,818,0,1824,550,1605,629,2511,799,1089,677,1524,1814,2071,1660,1727,0,1967,431,2032,764,1890,818,4747,1823,1989,1246,1413,753,1039,200,1364,1521,1752,315,2068,532,650,1791,778,1882,1437,630,0,548,2322,1418,581,1975,630,1376,552,0,1787,1823,156,2104,219,1210,574,1890,297,1890,1958,2118,1410,1737,2107,1219,2040,1715,1941,2301,2267,2192,727,552,1361,2097,2051,1513,723,2035,2209,3924,2237,1297,1365,436,1952,0,581,1934,2191,2443,1660,1264,2077,2256,1941,2229,188,1932,1302,1456,527,83,438,2276,2258,1361,1605,1264,2349,2059,641,1410,518,155,1502,2323,1983,2013,723,2016,711,2267,1996,2105,2430,1885,2090,1854,1524,2019,1440,2338,1998,1513,576,1996,2323,2002,1987,2350,680,1675,1849,2323,1884,640,1350,2323,945,2039,2332,2243,2180,650,2428,2243,1890,0,2337,2350,1042,2058,1975,1285,669,2005,0,2004,1511,279,2037,1992,578,1687,2279,1470,1125,1746,1761,2472,2050,2234,993,2308,1494,1589,1346,2155,2418,2392,1764,2037,1936,1985,1699,1090,626,390,2364,1675,1799,0,761,2067,1805,0,0,1257,2323,1660,342,2511,1926,0,2084,1890,1996,1915
464,1824,1468,1651,783,1160,862,504,1530,1634,1444,574,1528,1824,0,1515,1590,1445,1556,1565,2552,1670,1160,91,1454,479,412,1824,897,1393,649,1413,935,1528,3054,100,1385,578,842,1600,1335,1967,1000,1388,1609,1946,1114,1624,1297,1188,1565,1278,686,1447,1824,1514,1376,1257,1574,152,1446,1173,1518,1824,1772,100,1727,567,1970,1399,1390,935,1534,935,1314,1353,1444,88,293,1421,643,471,986,1355,1479,1024,1172,1518,1270,1538,1435,1381,1384,1080,1255,2231,1448,1222,459,1961,679,1169,1397,979,367,1497,479,1189,787,1301,986,1283,1690,1303,1227,1091,1420,1834,1509,1330,1062,1279,1590,1189,1841,1472,1457,1444,2316,1727,533,1535,1379,668,1384,1061,2509,1479,172,1352,1484,282,774,1250,1160,1064,736,1392,564,1380,1569,867,1535,1264,621,2078,1672,1256,164,1535,1869,1456,964,1535,1399,712,1377,1454,357,1297,1921,1454,935,1824,1829,2078,1338,731,152,1036,1624,1401,1337,1399,1125,1750,214,631,1394,513,1333,1157,1421,404,64,1944,1446,1319,1379,1362,1129,1797,1110,543,1222,1885,160,214,1920,1381,488,1386,1442,1623,1409,1256,1196,1163,1526,555,1789,1824,1824,1097,1535,479,1531,1556,1911,1824,688,935,867,859
466,550,47,255,1812,1176,1693,1374,15,237,1027,1112,314,550,1515,0,1222,198,2202,500,1480,155,1176,1506,1700,1351,1418,550,1658,387,1906,333,1581,314,4439,1514,1680,937,1105,317,656,622,1047,1138,1369,562,1760,109,218,1482,343,1573,1128,199,550,23,2013,1082,60,1666,199,1040,3,550,1404,1514,614,1876,625,827,143,1581,420,1581,1649,1809,1027,1428,1798,836,1999,1406,1632,1992,1934,1883,344,3,978,1714,1719,1130,291,1726,1901,3615,1903,914,1056,578,1643,861,150,1625,1882,2134,1351,881,1768,1947,1632,1920,577,1623,919,1127,96,490,113,1967,1949,978,1222,881,1966,1676,210,1027,934,614,1194,1990,1674,1887,291,1707,1126,1934,1687,1796,2121,1576,1781,1545,1176,1710,1131,2029,2040,1130,54,1687,1990,1693,1678,1967,158,1292,1540,1990,1501,208,1041,1990,509,1843,2023,1909,1871,218,2045,1909,1581,550,1953,1967,659,1824,1666,967,147,1696,920,1695,1202,637,1728,1987,146,1378,1970,1132,742,1437,1452,2089,1722,1925,558,1999,1165,1206,1010,1846,2109,2009,1455,1728,1552,1644,1390,707,195,227,2055,1292,1490,855,461,1960,1421,550,550,948,1990,1351,402,2202,1543,550,1775,1581,1687,1606
520,0,1175,1358,0,498,1936,1086,1237,1340,195,0,1133,1605,1590,1222,0,1152,1282,1271,2375,1333,498,1506,554,1141,1208,1605,1901,1282,2149,1017,729,1133,3335,1497,545,1065,834,1134,633,1725,639,265,223,1666,1126,1330,1004,574,1099,597,910,1153,1605,1220,939,566,1281,1599,1153,618,1224,1605,258,1497,1508,2081,1728,804,1097,729,1314,729,650,737,195,1502,1620,466,2156,1119,910,918,788,1250,879,1224,436,568,573,258,1039,1092,1228,2794,757,856,1184,1681,1886,0,1104,856,1799,1073,1141,823,2011,1204,910,998,1471,624,861,548,1127,1593,1216,893,1324,360,0,823,820,530,1164,195,2037,1508,1104,844,539,2130,1039,1073,2229,788,1619,724,1060,1308,2024,622,498,1077,860,1078,2078,257,1276,1931,844,696,1921,821,1336,334,1432,844,355,1163,715,844,932,2086,1165,763,1788,1004,899,763,729,1605,807,821,563,2067,1599,719,1262,561,0,560,876,1531,1661,2144,1100,1168,896,524,481,1227,1526,943,576,785,901,925,529,690,665,2057,1470,863,1430,1661,406,498,1102,563,1149,1330,1147,334,582,0,1233,2069,275,1605,1605,987,844,1141,1312,1282,397,1605,2019,729,1931,1850
554,629,151,333,1742,1105,1623,1304,212,316,957,1042,378,629,1445,198,1152,0,2132,473,1545,352,1105,1435,1630,1281,1348,629,1588,452,1835,263,1511,378,4368,1444,1610,867,1034,414,586,701,977,1068,1299,641,1689,306,148,1412,440,1503,1058,53,629,196,1943,1012,257,1596,52,970,200,629,1334,1444,678,1806,704,757,55,1511,485,1511,1579,1739,957,1358,1728,766,1929,1336,1562,1922,1864,1813,274,200,908,1644,1649,1060,221,1656,1830,3545,1833,844,986,657,1573,791,48,1555,1812,2064,1281,811,1698,1877,1562,1850,641,1553,849,1057,102,568,192,1897,1879,908,1152,811,1896,1605,64,957,1013,678,1123,1920,1604,1817,221,1637,1205,1864,1617,1726,2051,1506,1711,1475,1105,1640,1061,1959,1970,1060,251,1617,1920,1623,1608,1897,355,1221,1470,1920,1431,62,971,1920,453,1773,1953,1839,1801,148,1975,1839,1511,629,1883,1897,589,1754,1596,897,316,1626,850,1625,1132,701,1658,1917,52,1308,1900,1062,672,1367,1382,2019,1652,1855,532,1929,1095,1136,940,1776,2039,1939,1385,1658,1482,1574,1320,637,48,306,1985,1221,1420,785,434,1890,1351,629,629,878,1920,1281,481,2132,1473,629,1705,1511,1617,1536
568,2511,2155,2338,2263,1417,2156,1052,2217,2320,1293,1165,2215,2511,1556,2202,1282,2132,0,2251,3239,2356,1417,1473,763,1141,1209,2511,2121,2080,2129,2099,840,2215,3124,1463,891,1285,1261,2220,1628,2654,1258,1252,1085,2633,602,2310,1984,913,2185,826,1203,2133,2511,2200,412,1539,2261,1565,2133,1431,2204,2511,1459,1463,2414,2047,2656,1687,2077,840,2220,840,808,614,1293,1469,1587,1456,2123,1085,780,468,657,610,1859,2204,1419,762,782,1245,2071,633,368,2301,627,1510,1365,2648,2106,1457,2084,722,1765,403,1141,1477,2231,343,780,352,2377,798,1515,1349,2107,2521,2196,443,633,1351,1282,1477,1202,912,2144,1293,3003,2414,1247,713,885,2148,2071,496,3196,657,1585,626,389,1275,2244,812,1417,648,1253,242,2044,1244,2256,2151,713,730,2101,1273,2359,1029,1398,713,1478,2143,1313,713,2019,2192,251,633,1755,1984,1169,633,840,2511,1190,1273,1650,2211,1565,1317,2311,907,1372,905,1474,2437,1627,2111,2080,1169,446,1414,1567,1227,1492,1139,833,498,1988,398,1387,1788,1368,2023,609,1205,1396,1627,1530,912,1069,1586,2129,2310,238,1029,802,1452,2213,2035,1399,2511,2511,1585,713,1141,2218,0,1520,2511,2168,840,2151,2069
607,0,453,583,0,1225,1743,1423,515,565,1076,0,569,799,1565,500,1271,473,2251,0,1569,654,1225,1555,1749,1400,1468,799,1707,476,1955,454,1631,569,4488,1564,1730,987,1154,705,706,942,1096,1187,1418,890,1809,608,325,1532,731,1622,1178,475,799,498,2063,1131,559,1716,474,1090,502,799,1454,1564,702,1925,945,876,418,1631,509,1631,1699,1858,1076,1477,1847,886,2049,1456,1682,2041,1983,1933,393,502,1028,1764,1769,1180,412,1775,1950,3665,1953,963,1106,906,1693,0,425,1675,1931,2184,1400,930,1817,1996,1682,1969,665,1672,968,1176,448,810,441,2017,1998,1027,1271,930,2015,1725,485,1076,1262,703,1243,2039,1724,1936,412,1756,1454,1983,1736,1846,2170,1626,1830,1595,1225,1759,1180,2079,2089,1179,553,1737,2039,1742,1728,2016,657,1341,1590,2039,1551,484,1091,2039,638,1892,2073,1959,1921,325,2095,1959,1631,799,2003,2016,708,1873,1716,1017,646,1745,0,1744,1252,725,1778,2037,422,1428,2020,1182,791,1486,1501,2139,1771,1975,718,2048,1214,1255,1059,1896,2159,2059,1504,1778,1602,1694,1439,756,470,555,2105,1341,1540,0,39,2009,1471,799,799,997,2039,1400,507,2251,1593,799,1825,1631,1737,1656
653,1089,1433,1352,2143,2253,2222,2411,1495,1326,2180,2149,1672,1089,2552,1480,2375,1545,3239,1569,0,1635,2253,2543,2799,2388,2455,1089,2257,1195,2065,1557,2618,1672,5038,2551,2717,1975,2142,1708,1809,942,2093,2290,2522,1040,2797,1545,1428,2520,1734,2610,2165,1546,1089,1479,3050,2146,1539,2525,1546,2104,1483,1089,2557,2551,968,2137,962,1980,1490,2618,1116,2618,2686,2846,2180,2465,2488,1989,2073,2443,2670,3029,2996,2920,1496,1483,2131,2867,2779,2283,1516,2763,2938,4215,2965,2067,2094,1075,2340,2014,1497,2662,2423,3171,2388,2033,2147,2984,2670,2957,993,2660,2072,2184,1443,1097,1421,3005,2986,2131,2375,2033,3119,2804,1557,2180,936,967,2231,3052,2711,2046,1516,2744,732,2996,2505,2834,3158,2613,2134,2583,2253,2747,2168,3066,2031,2282,1534,2227,3052,2730,2334,3120,1638,2444,2577,3052,2654,1556,2078,3052,1741,2072,3060,2971,2413,1428,3198,2971,2618,1089,3106,3120,1812,2091,2525,2013,1627,2733,2073,2732,2239,958,2464,2025,1493,2415,3007,2198,1894,2474,2489,3242,2778,2962,1821,3036,2222,2359,2074,2386,3146,3162,2492,2464,2705,2713,2427,1860,1542,1382,3093,2444,2527,2008,1530,2100,2574,1089,1089,1985,3052,2388,1231,3239,2696,1089,2208,2618,2227,2308
664,677,202,381,1966,1303,1848,1528,140,364,1138,1267,280,677,1670,155,1333,352,2356,654,1635,0,1303,1660,1811,1505,1573,677,1812,542,2060,316,1736,280,4592,1669,1802,1092,1259,283,811,749,1201,1265,1480,689,1914,196,373,1631,308,1722,1283,354,677,177,2162,1236,96,1821,353,1195,152,677,1515,1669,768,2030,751,981,297,1736,575,1736,1798,1957,1138,1582,1952,979,2154,1561,1787,2141,2045,2038,498,152,1121,1826,1831,1258,391,1880,2055,3770,2015,1068,1211,705,1798,1015,304,1780,2036,2283,1505,1035,1922,2101,1787,2068,731,1771,1073,1281,250,616,267,2116,2103,1105,1333,1035,2077,1787,364,1138,1060,768,1348,2101,1796,2041,391,1861,1253,2045,1841,1945,2270,1731,1935,1694,1303,1864,1285,2178,2194,1257,101,1842,2101,1842,1833,2078,3,1403,1695,2101,1612,363,1196,2101,475,1997,2178,2021,2026,373,2156,2021,1736,677,2065,2078,813,1978,1821,1122,112,1818,1063,1817,1357,791,1883,2142,301,1533,2119,1269,853,1591,1606,2200,1833,2042,523,2147,1319,1253,1164,2001,2264,2120,1609,1883,1664,1755,1544,861,349,354,2210,1403,1639,1010,615,2114,1533,677,677,1102,2101,1505,529,2356,1654,677,1930,1736,1842,1761
671,1524,1129,1311,1619,0,1501,830,1190,1294,357,587,1102,1524,1160,1176,498,1105,1417,1225,2253,1303,0,1150,908,807,875,1524,1465,1094,1713,987,784,1102,3757,1159,827,629,398,1104,540,1667,160,291,645,1619,1181,1284,958,629,1069,720,474,1107,1524,1174,1160,322,1235,1295,1106,249,1178,1524,681,1159,1427,1683,1670,599,1051,784,1234,784,796,955,357,1073,1364,340,1802,863,965,1139,1105,1304,832,1178,202,991,889,284,1009,1147,1283,3072,1075,422,748,1635,1451,369,1058,911,1510,1281,807,389,1575,1259,965,1066,1390,769,427,131,1080,1535,1170,1114,1378,198,498,389,1242,914,1118,357,1991,1428,668,1161,821,1694,1009,1128,2183,1105,1315,943,1268,1036,1588,692,0,1131,424,1176,1723,283,1229,1495,1161,840,1486,1243,1306,465,1128,1161,778,1116,279,1161,902,1650,1301,1081,1500,958,1322,1081,784,1524,1230,1243,533,1631,1295,240,1232,843,256,841,440,1450,1357,1790,1054,835,1117,196,450,893,1096,1366,888,1072,871,1145,31,716,186,1654,1524,1286,1100,1357,829,823,846,469,1102,1284,1282,465,637,363,1186,1715,698,1524,1524,530,1161,807,1232,1417,820,1524,1583,784,1495,1414
683,1814,1459,1641,874,1150,952,421,1520,1624,1434,564,1518,1814,91,1506,1506,1435,1473,1555,2543,1660,1150,0,1371,396,328,1814,987,1384,739,1403,852,1518,3084,56,1302,569,805,1591,1326,1957,990,1379,1526,1936,1030,1614,1288,1105,1556,1194,676,1437,1814,1504,1293,1247,1565,182,1436,1164,1508,1814,1689,56,1717,658,1960,1389,1381,852,1524,852,1231,1270,1434,78,293,1411,733,388,903,1272,1396,941,1162,1508,1260,1455,1352,1371,1375,997,1171,2260,1365,1212,450,1952,769,1159,1388,896,397,1414,396,1179,877,1217,903,1199,1680,1220,1217,1082,1410,1825,1500,1247,978,1270,1506,1179,1758,1389,1448,1434,2307,1718,523,1452,1296,758,1375,977,2499,1396,202,1269,1401,199,864,1167,1150,981,727,1309,654,1371,1559,958,1452,1180,711,1994,1663,1172,75,1452,1786,1446,954,1452,1389,802,1294,1371,386,1288,1838,1371,852,1814,1746,1994,1329,821,182,1027,1614,1317,1327,1316,1115,1740,243,721,1384,430,1250,1147,1411,321,54,1861,1363,1236,1369,1278,1120,1788,1101,634,1139,1801,151,243,1837,1298,404,1377,1432,1614,1326,1172,1113,1154,1516,646,1706,1814,1814,1088,1452,396,1522,1473,1828,1814,778,852,958,949
760,2071,1653,1836,2144,908,2025,951,1715,1818,673,1043,1611,2071,1454,1700,554,1630,763,1749,2799,1811,908,1371,0,1019,1086,2071,1990,1640,2027,1495,601,1611,3164,1361,137,1154,922,1612,1111,2203,748,743,357,2144,776,1808,1482,400,1577,189,999,1631,2071,1698,420,1030,1759,1463,1631,922,1702,2071,731,1361,1974,1946,2206,1178,1575,601,1780,601,242,194,673,1367,1485,944,2021,984,563,399,269,790,1357,1702,910,84,20,736,1517,792,733,2341,238,1001,1242,2159,1975,948,1582,505,1664,554,1019,968,2100,708,563,478,1936,216,1006,840,1605,2071,1694,374,863,838,554,968,474,158,1642,673,2515,1974,1124,325,131,2046,1517,675,2707,269,1484,182,541,1173,2113,217,908,808,949,559,1942,735,1754,2019,325,191,1999,624,1814,520,1297,325,750,1641,804,325,1410,2090,646,244,1653,1482,520,244,601,2071,462,624,1041,2109,1463,808,1740,153,859,151,965,1996,1525,2009,1578,1046,377,905,959,1105,1391,490,79,266,1379,405,878,1168,859,1922,974,517,1294,1525,801,158,967,1041,1627,1808,627,520,272,943,1711,1934,670,2071,2071,1076,325,1019,1778,763,792,2071,2066,601,2019,1938
864,1660,1304,1487,1202,807,1280,282,1366,1469,1072,314,1364,1660,479,1351,1141,1281,1141,1400,2388,1505,807,396,1019,0,68,1660,1270,1229,1067,1248,520,1364,3137,386,937,434,410,1436,998,1803,647,1031,1162,1782,699,1459,1133,740,1401,830,352,1282,1660,1349,962,915,1410,488,1282,821,1353,1660,1323,386,1563,985,1805,1058,1226,520,1369,520,899,939,1072,392,595,1068,1061,315,572,940,1064,820,1008,1353,917,1103,999,1023,1220,665,840,2313,1034,880,514,1797,1097,828,1233,565,703,1083,0,847,1205,886,572,868,1526,880,885,739,1256,1670,1345,916,857,926,1141,847,1394,1024,1293,1072,2152,1563,396,1120,931,1086,1220,646,2345,1064,508,938,1069,229,1192,803,807,649,402,978,982,1023,1405,1285,1120,849,1039,1642,1508,807,321,1120,1420,1292,611,1120,1235,1130,963,1040,693,1133,1473,1040,520,1660,1381,1642,1068,1149,488,695,1460,953,984,952,772,1586,550,1049,1229,167,919,804,1151,154,415,1508,998,905,1215,947,777,1444,758,961,1018,1437,319,550,1472,933,299,1083,1278,1459,995,807,747,822,1362,974,1341,1660,1660,828,1120,0,1367,1141,1462,1660,1106,520,1285,1218
918,1727,1371,1554,1134,875,1212,350,1433,1537,1139,381,1431,1727,412,1418,1208,1348,1209,1468,2455,1573,875,328,1086,68,0,1727,1248,1296,1000,1316,588,1431,3069,319,1005,501,477,1503,1066,1870,715,1098,1229,1849,766,1527,1200,807,1468,897,419,1350,1727,1417,1029,983,1477,421,1349,888,1421,1727,1391,319,1630,918,1873,1125,1293,588,1437,588,967,1006,1139,324,528,1135,993,351,639,1008,1132,887,1075,1421,984,1170,1067,1091,1287,732,907,2246,1101,948,581,1864,1030,895,1300,632,636,1150,68,915,1138,953,639,935,1593,947,953,806,1323,1737,1412,983,925,994,1208,915,1461,1092,1360,1139,2219,1630,463,1187,999,1019,1287,713,2412,1132,441,1005,1137,162,1125,870,875,717,469,1045,915,1090,1472,1218,1187,916,972,1709,1575,874,254,1187,1488,1359,679,1187,1302,1063,1030,1107,626,1200,1540,1107,588,1727,1449,1709,1135,1082,421,762,1527,1020,1051,1019,840,1653,483,982,1297,200,986,871,1218,87,348,1576,1066,972,1282,1014,844,1512,825,894,1085,1504,252,483,1539,1001,366,1150,1345,1526,1062,874,815,889,1429,906,1408,1727,1727,896,1187,68,1434,1209,1530,1727,1039,588,1218,1210
940,0,503,338,0,1524,2002,1683,565,313,1410,0,818,0,1824,550,1605,629,2511,799,1089,677,1524,1814,2071,1660,1727,0,1967,431,2032,764,1890,818,4747,1823,1989,1246,1413,753,1039,200,1364,1521,1752,315,2068,532,650,1791,778,1882,1437,630,0,548,2322,1418,581,1975,630,1376,552,0,1787,1823,156,2104,219,1210,574,1890,297,1890,1958,2118,1410,1737,2107,1219,2040,1715,1941,2301,2267,2192,727,552,1361,2097,2051,1513,723,2035,2209,3924,2237,1297,1365,436,1952,0,581,1934,2191,2443,1660,1264,2077,2256,1941,2229,188,1932,1302,1456,527,83,438,2276,2258,1361,1605,1264,2349,2059,641,1410,518,155,1502,2323,1983,2013,723,2016,711,2267,1996,2105,2430,1885,2090,1854,1524,2019,1440,2338,1998,1513,576,1996,2323,2002,1987,2350,680,1675,1849,2323,1884,640,1350,2323,945,2039,2332,2243,2180,650,2428,2243,1890,0,2337,2350,1042,2058,1975,1285,669,2005,0,2004,1511,279,2037,1992,578,1687,2279,1470,1125,1746,1761,2472,2050,2234,993,2308,1494,1589,1346,2155,2418,2392,1764,2037,1936,1985,1699,1090,626,390,2364,1675,1799,0,761,2067,1805,0,0,1257,2323,1660,342,2511,1926,0,2084,1890,1996,1915
985,1967,1611,1794,154,1465,36,1293,1673,1776,1749,1031,1671,1967,897,1658,1901,1588,2121,1707,2257,1812,1465,987,1990,1270,1248,1967,0,1536,248,1555,1500,1671,3340,996,1909,857,1225,1743,1478,2110,1306,1694,2048,2089,1679,1766,1440,1711,1708,1801,1047,1589,1967,1656,1941,1401,1717,827,1589,1359,1660,1967,2083,996,1870,330,2112,1543,1533,1500,1676,1500,1877,1918,1749,984,790,1617,435,1292,1552,1920,2044,1802,1315,1660,1575,2074,1970,1687,1527,1645,1820,2517,2014,1366,976,2104,255,1313,1540,1545,725,2063,1270,1333,110,1866,1552,1848,1833,1851,1371,1397,1563,1977,1652,1896,1861,1585,1901,1333,2365,1995,1600,1749,2459,1870,1113,2100,1903,229,1527,1626,2604,2044,807,1918,2049,1118,123,1774,1465,1629,1098,1957,529,1686,1712,30,2100,1829,290,2613,1815,1649,994,2100,2181,1599,1270,2100,1542,185,1943,2020,715,1440,2444,2020,1500,1967,2353,2613,1481,166,827,1269,1767,1924,1642,1923,1430,1893,766,423,1536,1297,1899,1453,1564,1240,960,2479,1970,1885,1522,1927,1435,2028,1329,458,2022,2408,1057,766,2232,1905,1308,1529,1585,1766,1975,1649,1718,1308,1669,396,2101,1967,1967,1240,2100,1270,1674,2121,2223,1967,387,1500,30,52
1039,431,340,364,1690,1094,1571,1252,402,339,1087,990,580,431,1393,387,1282,452,2080,476,1195,542,1094,1384,1640,1229,1296,431,1536,0,1784,464,1459,580,4317,1393,1558,816,983,644,716,574,934,1197,1429,553,1638,496,335,1361,670,1451,1006,453,431,386,1891,987,447,1545,453,945,390,431,1464,1393,334,1754,577,887,397,1459,141,1459,1527,1687,1087,1306,1676,896,1867,1285,1511,1870,1837,1761,404,390,1038,1724,1620,1190,423,1604,1779,3493,1806,952,935,568,1521,899,404,1504,1760,2013,1229,919,1646,1825,1511,1798,297,1501,957,1025,350,442,328,1846,1827,1038,1282,919,2015,1645,464,1087,923,334,1072,1893,1552,1765,423,1585,1116,1837,1565,1675,1999,1454,1659,1424,1094,1588,1009,1907,1825,1190,441,1566,1893,1571,1556,2027,545,1299,1418,1893,1561,463,919,1893,649,1721,1902,1812,1749,335,2094,1812,1459,431,2002,2027,719,1702,1545,854,534,1574,980,1573,1080,357,1606,1818,400,1256,1849,1039,802,1315,1330,2129,1619,1803,728,1877,1063,1266,915,1725,1987,2058,1333,1606,1612,1555,1268,767,449,313,1934,1299,1368,893,437,1838,1481,431,431,826,1893,1229,138,2080,1603,431,1654,1459,1566,1484
1071,2032,1859,2041,135,1713,213,1077,1920,2024,1997,1222,1918,2032,649,1906,2149,1835,2129,1955,2065,2060,1713,739,2027,1067,1000,2032,248,1784,0,1803,1508,1918,3093,748,1958,1104,1472,1991,1726,2115,1553,1942,2182,2325,1687,2014,1688,1761,1956,1851,1295,1837,2032,1904,1949,1649,1965,580,1836,1607,1908,2032,2331,748,1897,82,2159,1791,1781,1508,1924,1508,1887,1926,1997,736,543,1865,188,1044,1560,1928,2052,1576,1562,1908,1823,2111,2008,1934,1775,1653,1828,2269,2022,1614,1108,2352,276,1561,1788,1553,477,2071,1067,1581,138,1874,1560,1856,1923,1877,1619,1645,1810,2093,1900,1904,1614,1832,2149,1581,2415,2045,1848,1997,2434,1897,1181,2108,1952,19,1775,1634,2413,2052,559,1926,2057,870,125,1823,1713,1637,1345,1965,281,1934,1959,219,2108,1837,280,2651,2063,1829,746,2108,2428,1846,1517,2108,1789,63,1951,2028,467,1688,2494,2028,1508,2032,2402,2651,1729,82,580,1516,2014,1974,1890,1973,1678,1777,518,176,1784,1102,1907,1701,1811,992,713,2517,2019,1893,1769,1935,1682,2276,1577,367,1774,2458,809,518,2479,1954,1061,1777,1832,2014,1983,1829,1769,1555,1916,148,2348,2032,2032,1488,2108,1067,1922,2129,2470,2032,143,1508,219,300
1073,764,286,469,1709,987,1591,1271,336,452,822,1010,136,764,1413,333,1017,263,2099,454,1557,316,987,1403,1495,1248,1316,764,1555,464,1803,0,1470,136,4276,1412,1487,835,1002,298,554,836,944,949,1165,777,1657,391,129,1316,324,1406,1026,264,764,331,1846,979,291,1564,264,938,335,764,1200,1412,691,1773,839,725,208,1470,497,1470,1482,1642,822,1326,1695,663,1897,1304,1530,1825,1729,1781,255,335,805,1510,1515,942,76,1623,1798,3513,1699,811,954,792,1541,759,215,1523,1779,1967,1248,778,1665,1844,1530,1753,654,1456,816,977,238,704,327,1801,1846,790,1017,778,1762,1471,275,822,1148,691,1091,1785,1481,1784,76,1604,1340,1729,1584,1630,1954,1474,1678,1379,987,1608,1029,1862,1938,941,297,1585,1785,1526,1576,1763,319,1087,1438,1785,1297,274,939,1785,245,1740,1921,1705,1769,129,1841,1705,1470,764,1749,1763,556,1721,1564,865,245,1502,747,1501,1100,714,1626,1885,212,1276,1803,953,537,1334,1349,1885,1517,1726,324,1832,1018,1002,907,1744,2007,1805,1352,1626,1348,1440,1288,605,260,441,1953,1087,1323,753,415,1857,1217,764,764,845,1785,1248,495,2099,1339,764,1673,1470,1585,1504
1076,1890,1534,1717,1643,784,1535,432,1596,1700,660,544,1585,1890,935,1581,729,1511,840,1631,2618,1736,784,852,601,520,588,1890,1500,1459,1508,1470,0,1585,3497,842,525,664,640,1587,995,2033,624,619,750,2012,398,1690,1363,328,1552,418,582,1513,1890,1580,631,905,1640,944,1512,797,1584,1890,911,842,1793,1426,2035,1054,1456,0,1599,0,461,501,660,848,966,823,1502,464,182,609,651,521,1238,1584,785,685,581,611,1450,364,539,2673,620,877,744,2027,1486,824,1463,175,1144,752,520,844,1610,585,182,537,1756,450,882,715,1486,1900,1575,585,595,717,729,844,982,612,1523,660,2382,1793,626,706,519,1527,1450,345,2575,651,964,500,738,654,1623,391,784,348,632,647,1423,611,1635,1530,706,410,1480,1224,1738,395,778,706,1008,1522,679,706,1385,1571,661,626,1134,1363,1061,626,0,1890,969,1224,1016,1590,944,683,1690,541,739,540,840,1816,1006,1490,1460,548,588,781,933,606,872,1090,586,574,1354,616,753,1154,734,1402,755,1025,775,1006,1060,521,448,952,1508,1689,693,395,335,818,1592,1415,929,1890,1890,951,706,520,1597,840,1050,1890,1547,0,1530,1449
1116,0,339,522,0,1102,1706,1386,299,505,938,0,0,818,1528,314,1133,378,2215,569,1672,280,1102,1518,1611,1364,1431,818,1671,580,1918,136,1585,0,4392,1527,1602,950,1117,262,669,890,1059,1065,1280,829,1772,355,245,1431,288,1521,1141,380,818,337,1961,1095,255,1679,379,1053,312,818,1315,1527,806,1888,892,840,323,1585,612,1585,1597,1757,938,1441,1811,778,2012,1419,1645,1940,1845,1896,370,312,920,1625,1630,1057,191,1739,1913,3628,1814,927,1069,845,1656,0,330,1638,1895,2083,1364,893,1781,1959,1645,1868,769,1571,932,1092,309,757,381,1916,1961,905,1133,893,1877,1586,390,938,1201,806,1206,1901,1596,1900,191,1719,1393,1845,1699,1745,2069,1589,1794,1494,1102,1723,1144,1977,2053,1057,260,1700,1901,1641,1691,1878,282,1202,1553,1901,1412,389,1054,1901,360,1855,2036,1820,1884,245,1956,1820,1585,818,1864,1878,672,1837,1679,980,208,1618,0,1616,1215,829,1741,2000,327,1391,1919,1068,653,1450,1464,2000,1633,1842,439,1947,1133,1117,1023,1859,2122,1920,1468,1741,1463,1555,1403,720,375,495,2068,1202,1438,0,531,1973,1332,818,818,961,1901,1364,610,2215,1454,818,1788,1585,1700,1619
1136,4747,4392,4574,3227,3757,3305,3065,4453,4557,3454,3402,4392,4747,3054,4439,3335,4368,3124,4488,5038,4592,3757,3084,3164,3137,3069,4747,3340,4317,3093,4276,3497,4392,0,3074,3301,3522,3498,4393,3892,4890,3735,3524,3421,4869,3154,4547,4221,3564,4358,3353,3439,4370,4747,4437,3029,3825,4498,2903,4369,3877,4441,4747,3338,3074,4650,3011,4893,4063,4314,3497,4457,3497,3406,3231,3454,3102,2866,3725,3086,3033,3507,3084,3267,3031,4095,4441,3695,3080,3184,3517,4298,3189,3124,824,3236,3968,3427,4885,3122,3915,4321,3449,2800,3019,3137,3935,3230,3100,3507,3036,4613,3380,3973,3807,4343,4758,4433,3060,3068,3619,3335,3935,2946,3247,4381,3454,5240,4651,3483,3323,3295,3111,4298,3228,5386,3267,2882,3243,3006,2908,3217,3381,3757,3205,3489,2927,3008,3516,4492,3311,3323,3316,3065,2665,4595,3593,3032,3323,3231,4379,3699,3323,4191,3156,3007,3242,2790,4221,2863,3242,3497,4747,2958,2665,3822,3174,2903,3783,4521,3317,3640,3315,3860,4673,2841,3074,4317,3171,3063,3783,3740,3062,3117,2799,3243,3114,4160,3015,3788,3949,3845,2987,3229,2899,3029,2841,3282,3322,3049,3822,4365,4547,2989,3593,3436,3910,4449,2999,3151,4747,4747,3916,3323,3137,4455,3124,3273,4747,3132,3497,3311,3302
1138,1823,1467,1650,883,1159,961,411,1529,1633,1427,573,1527,1823,100,1514,1497,1444,1463,1564,2551,1669,1159,56,1361,386,319,1823,996,1393,748,1412,842,1527,3074,0,1292,577,795,1599,1335,1966,999,1386,1516,1945,1021,1623,1296,1095,1565,1185,685,1446,1823,1513,1283,1256,1574,172,1445,1173,1517,1823,1679,0,1726,666,1969,1398,1390,842,1533,842,1221,1260,1427,87,284,1420,742,378,894,1262,1386,932,1171,1517,1269,1445,1342,1379,1384,987,1162,2251,1356,1221,458,1961,778,1168,1396,887,387,1405,386,1188,886,1208,894,1190,1689,1211,1226,1091,1419,1834,1508,1238,969,1278,1497,1188,1749,1379,1457,1427,2316,1727,532,1442,1286,767,1384,968,2508,1386,192,1260,1391,189,873,1157,1159,971,735,1299,663,1378,1568,966,1442,1171,720,1985,1672,1163,65,1442,1776,1455,963,1442,1398,811,1285,1362,377,1296,1828,1362,842,1823,1736,1985,1337,830,172,1036,1623,1308,1336,1307,1124,1749,234,730,1393,420,1241,1156,1420,311,63,1851,1353,1227,1378,1269,1128,1796,1110,642,1129,1792,150,234,1827,1288,395,1385,1441,1623,1317,1163,1103,1162,1525,655,1696,1823,1823,1097,1442,386,1531,1463,1818,1823,787,842,966,958
